DATA	Preço
3562	0,00
3563	63,58
3564	31,00
3565	4,48
3566	0,00
3567	32,35
3568	32,50
3571	26,50
3574	0,00
3575	0,00
3576	135,00
3577	25,00
3578	85,00
3580	4,60
3581	24,00
3582	30,00
3583	69,00
3587	0,00
3588	31,80
3591	30,00
3592	32,00
3594	14,00
3595	43,50
3596	39,68
3597	24,65
3598	260,00
3599	52,13
3600	180,00
3601	0,00
3602	43,76
3603	0,00
3604	18,90
3605	5,18
3606	12,37
3607	480,00
3610	245,21
3611	225,83
3612	0,00
3613	15,60
3615	227,26
3616	35,00
3617	34,00
3618	0,00
3620	3,40
3621	128,00
3622	0,00
3623	12,00
3624	1,03
3625	32,00
3627	157,00
3628	179,05
3629	0,00
3630	28,30
3631	4,79
3632	7,39
3633	4,22
3634	9,70
3635	8,75
3636	13,07
3637	0,00
3638	9,99
3639	4,99
3640	8,78
3641	11,50
3642	14,00
3643	8,17
3644	16,50
3645	8,89
3646	5,00
3647	20,55
3649	4,55
3650	7,80
3651	9,92
3652	51,00
3653	86,00
3654	57,80
3655	14,80
3656	15,26
3657	4,55
3658	4,77
3659	33,00
3660	17,00
3661	270,00
3662	327,90
3663	7,92
3667	0,00
3668	180,00
3669	30,00
3670	19,04
3672	29,20
3673	45,00
3674	139,00
3675	0,00
3676	16,90
3677	24,15
3678	6,62
3679	6,20
3680	33,00
3681	23,04
3682	21,15
3683	38,70
3685	24,76
3686	24,76
3687	0,00
3688	27,90
3690	0,00
3691	30,50
3693	1,70
3695	38,38
3696	12,96
3715	83,98
3720	0,46
3721	16,97
3722	0,00
3723	1,18
3724	6,49
3726	0,55
3734	0,03
3737	0,00
3738	0,00
3740	0,15
3744	11,71
3745	1,98
3746	1,98
3747	1,98
3748	1,98
3749	1,98
3750	0,00
3751	1,98
3752	1,98
3753	1,98
3754	1,98
3756	0,35
3757	0,00
3758	0,00
3759	46,79
3760	34,00
3761	7,30
3762	0,00
3763	8,04
3764	7,50
3765	7,50
3766	0,50
3767	7,50
3768	0,85
3772	50,00
3773	32,09
3774	2,68
3775	3,78
3776	0,91
3778	3,99
3779	0,79
3780	33,86
3781	0,00
3784	1,55
3785	4,30
3787	1,90
3788	2,95
3789	3,10
3791	0,92
3792	32,45
3793	0,79
3794	0,60
3795	0,85
3796	0,60
3797	28,33
3798	0,70
3800	0,43
3801	200,22
3804	6,75
3805	3,35
3806	1,79
3808	2,00
3810	1,43
3811	165,00
3812	1,40
3813	0,14
3814	0,80
3815	0,66
3816	3,29
3817	1145,10
3818	0,35
3819	1,55
3828	4,50
3830	1,41
3831	0,42
3837	3,29
3838	6,33
3841	2,47
3843	51,00
3844	3,11
3845	11,80
3846	12,58
3847	23,45
3850	1,73
3856	147,81
3857	110,66
3860	59,30
3862	0,50
3863	0,15
3865	0,06
3867	0,12
3869	5,75
3870	173,03
3871	0,02
3874	0,25
3875	0,22
3881	0,18
3886	110,00
3887	0,10
3888	0,00
3891	4,95
3892	1,65
3893	1,57
3894	0,00
3895	4,00
3896	0,00
3897	0,03
3898	0,05
3899	0,10
3900	1,43
3903	27,03
3905	202,86
3907	9,50
3909	2,15
3910	2,62
3911	2,26
3916	0,25
3917	0,00
3918	0,00
3920	0,35
3921	0,00
3922	0,00
3923	25,00
3924	3,37
3925	3,66
3926	1,46
3927	8,44
3928	2,55
3929	5,76
3930	5,50
3931	5,66
3932	0,00
3933	0,00
3934	25,83
3935	0,42
3936	0,50
3937	3,65
3938	40,40
3939	3,00
3940	2,30
3941	2,75
3942	2,89
3944	5,50
3945	7,78
3948	50,00
3949	419,00
3954	32,13
3955	1,00
3956	1,50
3957	0,80
3958	5,50
3959	0,00
3960	0,00
3961	5,23
3962	0,00
3963	2,77
3964	11,45
3965	7,58
3967	0,00
3968	0,00
3970	69,00
3971	7,60
3972	59,00
3973	33,00
3974	260,00
3984	7,60
3985	3,25
3986	0,80
3987	2,48
3988	1,52
3989	1,70
3990	4,25
3991	10,64
3992	3,10
3993	1,33
3994	47,90
3995	16,81
3996	23,50
3997	117,49
3998	0,00
3999	23,99
4000	0,00
4001	3,55
4002	3,55
4003	69,00
4004	31,48
4005	0,00
4006	0,13
4007	11,00
4008	80,00
4009	5,35
4010	54,91
4012	3,05
4013	4,20
4014	0,55
4015	38,00
4016	58,00
4017	4,42
4018	1,80
4019	6,90
4020	2,00
4021	0,75
4022	16,50
4023	38,00
4026	2,86
4048	460,00
4110	0,00
4131	4,82
4134	51,00
4139	0,65
4153	0,00
4169	7,25
4175	40,00
4176	40,00
4177	40,00
4178	40,00
4179	36,00
4180	36,00
4181	40,00
4182	36,00
4193	270,71
4195	912,96
4196	2705,37
4200	158,00
4203	340,00
4206	38,00
4216	0,19
4217	0,12
4218	1,17
4220	4,85
4221	0,00
4229	0,14
4230	89,61
4231	0,07
4233	0,03
4236	0,00
4241	0,00
4242	31,27
4251	31,50
4256	5,99
4257	36,20
4258	87,00
4259	65,60
4260	87,00
4261	65,60
4262	65,60
4263	65,60
4264	69,00
4265	65,60
4266	65,60
4267	65,60
4270	10,20
4271	10,27
4277	38,70
4281	23,35
4288	4,20
4291	58,00
4292	8,48
4304	0,00
4309	240,00
4310	4,70
4311	1497,98
4315	35,00
4316	0,00
4317	17,91
4320	0,00
4321	0,00
4322	0,00
4331	0,00
4333	2,49
4359	0,00
4360	0,00
4361	26,31
4362	32,50
4363	26,60
4364	21,90
4366	35,97
4367	36,40
4368	31,95
4369	38,00
4370	23,63
4372	0,23
4376	0,12
4377	0,48
4380	0,00
4382	232,19
4390	24,76
4391	24,76
4392	38,70
4393	31,75
4394	26,90
4395	29,07
4396	29,07
4397	29,07
4398	30,50
4399	30,50
4400	0,00
4402	30,50
4403	30,50
4413	58,00
4414	27,00
4415	27,00
4416	27,00
4418	30,50
4419	38,38
4420	24,50
4421	41,30
4422	22,50
4429	24,76
4430	24,76
4431	30,50
4432	30,50
4433	30,50
4434	21,90
4435	21,90
4436	21,90
4446	158,58
4448	5,90
4450	17,00
4451	2,50
4453	8,09
4454	7,83
4455	72,00
4456	31,39
4459	6,87
4464	0,00
4465	0,00
4466	1750,00
4471	0,30
4474	9,75
4477	2,95
4480	145,00
4481	130,00
4482	145,00
4483	130,00
4484	145,00
4485	130,00
4486	145,00
4487	130,00
4493	45,71
4494	101,04
4495	413,00
4503	18,41
4504	22,98
4505	338,00
4513	6,49
4519	0,47
4520	0,85
4521	1,43
4529	16,50
4539	0,31
4544	0,00
4546	92,53
4551	66,40
4557	2,01
4558	73,02
4560	135,25
4563	0,00
4574	9,77
4585	59,90
4586	0,71
4588	7,20
4591	0,00
4613	28,71
4615	2,05
4616	2,13
4617	2,01
4618	0,16
4619	38,00
4624	36,00
4634	0,00
4639	23,21
4640	2,91
4641	23,90
4642	26,55
4643	45,00
4652	98,00
4660	37,32
4662	49,93
4663	15,58
4673	630,00
4691	0,00
4725	242,95
4728	26,00
4729	71,70
4730	13,52
4733	0,00
4740	0,00
4757	2,07
4759	1,43
4760	0,80
4761	3,29
4762	28,75
4764	6,81
4765	108,46
4766	0,00
4767	4,45
4768	45,00
4769	65,20
4770	63,88
4771	45,00
4772	45,00
4773	45,00
4774	46,48
4775	99,90
4776	0,00
4777	0,00
4778	56,06
4779	70,58
4780	44,20
4781	44,41
4782	70,58
4783	46,48
4784	3,11
4785	14,02
4786	11,64
4787	0,00
4788	0,00
4789	0,00
4790	3,11
4791	6,29
4792	6,55
4793	15,23
4794	16,47
4795	7,00
4796	6,49
4797	7,21
4799	10,89
4800	10,89
4801	7,21
4802	25,00
4803	22,28
4804	10,00
4805	1,10
4806	1,00
4807	0,48
4808	15,40
4809	15,40
4817	4,04
4818	7,25
4819	0,65
4820	165,00
4821	0,00
4822	75,90
4823	6,56
4824	62,00
4828	0,51
4829	2,60
4830	15,90
4831	0,70
4832	0,68
4833	0,00
4834	0,00
4836	11,38
4837	0,00
4838	60,00
4839	7,95
4841	7,50
4842	7,24
4843	6,14
4844	7,24
4845	29,90
4846	6,93
4847	6,93
4848	8,34
4849	7,24
4850	19,99
4856	48,58
4858	153,15
4859	67,90
4860	8,00
4861	75,00
4862	9,60
4864	80,00
4865	72,00
4866	5,18
4868	0,00
4869	0,00
4871	63,37
4872	0,24
4873	9,00
4874	16,00
4877	0,12
4879	4,18
4880	26,02
4881	7,50
4882	11,73
4883	3,39
4884	4,78
4885	40,00
4886	45,00
4887	35,00
4888	4,60
4889	4,78
4890	1,00
4892	17,00
4893	10,73
4894	35,00
4895	28,00
4896	160,00
4897	850,00
4898	14,99
4899	86,00
4900	23,38
4901	24,56
4902	675,62
4903	798,67
4904	1,00
4906	0,00
4907	0,00
4909	5,00
4910	25,00
4911	25,00
4912	25,00
4913	2,21
4915	6,00
4918	0,90
4919	11,53
4920	1,48
4921	23,52
4922	23,52
4925	15,00
4926	213,00
4927	1,50
4928	0,63
4930	4,47
4931	4,73
4932	15,90
4933	29,70
4935	34,90
4936	1,05
4937	60,90
4938	43,65
4939	55,00
4940	0,00
4942	30,30
4944	0,00
4945	76,46
4946	0,00
4949	24,76
4953	1,00
4954	1,00
4957	2,67
4958	84,12
4959	100,41
4961	22,64
4962	2,67
4963	2,00
4964	0,00
4965	32,37
4967	3,41
4968	32,35
4970	0,24
4971	0,32
4972	50,00
4973	0,00
4974	98,00
4975	1,70
4977	4,10
4980	21,00
4981	36,99
4982	27,90
4983	0,00
4990	4,30
4991	2,21
4994	5,91
4996	13,87
4998	8,48
4999	0,00
5000	9,74
5001	37,50
5002	0,00
5012	0,02
5013	0,16
5014	0,23
5015	0,03
5016	0,02
5033	0,00
5034	19,65
5040	0,00
5048	0,00
5049	0,25
5050	0,00
5053	0,00
5054	1,00
5056	43,17
5057	0,00
5058	0,00
5059	68,12
5060	0,00
5061	0,00
5062	0,00
5064	0,00
5068	24,92
5106	5,78
5113	125,00
5115	130,00
5122	145,00
5127	0,00
5131	14,99
5132	2,56
5133	1,58
5134	0,60
5140	23,50
5144	7,90
5152	0,00
5154	7,70
5181	0,00
5182	0,00
5183	0,00
5184	380,00
5185	32,00
5186	0,00
5187	0,00
5204	56,00
5230	1,35
5232	9,07
5235	6,47
5239	0,00
5251	0,00
5259	46,90
5260	36,14
5267	5,94
5271	0,00
5272	0,00
5285	200,00
5318	860,00
5338	68,24
5351	0,00
5417	6,00
5441	1,09
5444	9,90
5455	25,00
5456	0,00
5466	539,00
5469	130,00
5486	587,00
5496	30,00
5497	0,00
5498	14,76
5499	7,94
5500	0,00
5501	5,00
5509	2,65
5510	1,90
5511	56,64
5512	12,20
5513	19,90
5515	0,00
5516	0,00
5517	27,00
5518	1,85
5526	76,00
5527	34,22
5528	45,00
5531	18,00
5532	5,20
5539	1,71
5555	7062,83
5570	36,00
5573	42,75
5574	35,09
5576	43,73
5577	47,65
5578	41,50
5579	0,00
5580	32,41
5581	0,00
5582	18,00
5583	42,00
5584	12,00
5585	12,00
5592	13,68
5593	31,02
5603	0,00
5623	2,00
5624	3,30
5627	4936,05
5644	0,00
5646	50,00
5654	10,56
5657	0,00
5675	2,95
5676	6,31
5697	2,22
5717	14,45
5718	32,45
5719	190,35
5724	0,00
5745	4,91
5747	0,00
5748	0,00
5749	0,00
5750	0,00
5752	0,00
5753	45,00
5754	0,00
5779	46,27
5781	0,00
5785	39,99
5824	29,00
5828	0,00
5829	4,00
5845	35,40
5846	11,00
5850	0,00
5851	0,00
5857	0,00
5876	0,00
5877	49,00
5878	0,00
5884	0,00
5887	0,00
5904	0,00
5912	4,55
5913	0,00
5918	5,80
5922	0,00
5927	21,00
5929	23,00
5930	24,75
5932	0,00
5934	0,00
5935	17,60
5951	0,00
5952	0,00
5954	0,00
5955	145,90
5956	0,00
5957	0,00
5958	0,00
5980	44,99
5981	7,99
5982	3,25
6009	1410,37
6025	0,00
6026	0,00
6056	0,00
6057	0,00
6058	0,00
6059	0,00
6094	410,37
6102	0,00
6109	0,00
6115	0,00
6119	69,80
6122	0,00
6126	0,00
6139	0,00
6140	0,00
6141	10,40
6145	0,00
6155	112,00
6156	0,00
6172	25,60
6178	21,90
6179	18,50
6196	95,00
6238	0,00
6248	27,99
6263	0,00
6264	0,00
6265	0,00
6266	550,00
6268	0,00
6274	167,83
6275	0,00
6277	0,00
6278	550,00
6289	76,00
6290	1,30
6292	8,35
6293	11,02
6294	2,03
6296	22,42
6300	5,06
6303	2,45
6304	4,78
6305	28,63
6307	550,00
6308	0,00
6322	399,00
6323	57,90
6324	58,90
6325	58,90
6346	10,00
6352	0,00
6353	0,00
6388	2224,06
6389	0,00
6390	55,00
6398	0,00
6400	0,00
6401	746,82
6405	0,00
6408	100,85
6411	8,70
6412	11,70
6413	9,76
6414	12,80
6415	26,52
6417	5,00
6420	145,00
6435	0,00
6442	600,00
6461	1,35
6469	13,95
6479	2,29
6480	6,03
6491	0,25
6492	0,00
6493	0,25
6494	0,25
6495	0,00
6496	0,25
6497	0,00
6498	0,00
6499	0,00
6500	0,00
6501	0,00
6502	0,00
6503	1,07
6504	1,78
6505	1,78
6506	0,34
6508	0,00
6509	0,00
6510	0,00
6511	11,31
6512	0,00
6513	0,00
6514	0,25
6519	28,00
6532	64,80
6548	0,00
6554	1,58
6555	24,91
6556	0,00
6560	0,00
6561	50,00
6562	1,65
6572	0,00
6575	10,50
6578	0,00
6587	96,80
6588	0,00
6616	20,38
6618	4,98
6619	24,75
6620	24,75
6625	2500,00
6626	118,91
6627	113,38
6628	200,25
6629	84,50
6630	800,50
6632	65,21
6633	61,20
6634	3,80
6637	22,82
6644	0,00
6646	65,31
6647	62,84
6648	0,00
6650	0,00
6655	0,50
6656	1,50
6659	98,73
6660	41,68
6661	124,37
6662	51,48
6664	99,23
6665	0,00
6668	6,50
6672	22,52
6674	36,59
6676	42,28
6677	54,27
6678	72,16
6679	64,74
6680	28,88
6681	112,16
6683	1000,00
6684	630,72
6685	319,76
6687	110,83
6688	706,64
6689	176,07
6690	237,60
6691	290,39
6693	535,04
6694	290,40
6695	103,10
6697	1180,00
6698	309,75
6700	0,00
6701	926,00
6702	630,72
6703	400,00
6708	62,86
6710	56,95
6711	0,00
6712	58,80
6723	0,00
6724	3,70
6746	0,00
6759	0,00
6760	0,00
6761	0,00
6763	0,00
6764	2,66
6765	0,00
6771	0,50
6788	14,50
6790	14,60
6791	48,99
6792	2,47
6793	1,24
6795	0,00
6796	27,00
6797	90,11
6976	48,00
6980	60,00
6982	29,90
6983	13,00
6984	145,00
6989	130,00
7007	25,00
7008	4,99
7010	290,39
7011	74,58
7017	1,89
7018	0,00
7021	96,70
7024	3,40
7036	390,00
7039	81,00
7040	191,65
7041	129,75
7047	0,00
7050	0,00
7051	0,00
7052	0,00
7055	72,00
7056	28,00
7057	0,00
7060	84,70
7061	112,00
7064	62,50
7065	0,00
7070	0,00
7071	0,00
7073	0,00
7074	0,00
7075	1000,00
7077	5,87
7078	2,40
7079	1,77
7082	1,22
7085	57,90
7089	0,00
7090	0,00
7094	0,00
7105	1400,00
7106	542,35
7107	167,66
7111	312,90
7113	35,17
7115	492,86
7116	43,76
7127	0,00
7129	741,90
7131	92,00
7132	0,00
7133	777,04
7134	165,80
7135	180,90
7136	193,92
7137	103,00
7138	900,00
7139	980,00
7140	80,00
7141	105,00
7144	0,00
7145	254,10
7147	12,00
7157	467,72
7176	0,00
7188	0,00
7190	3,80
7194	119,00
7215	0,00
7233	17,50
7236	4,91
7252	0,00
7268	2,10
7269	20,99
7273	1,58
7274	0,50
7275	0,55
7276	0,55
7277	4,55
7279	16,19
7300	0,00
7302	750,00
7315	0,00
7319	0,00
7320	0,00
7321	44,74
7322	44,97
7323	45,99
7324	1,85
7327	1,84
7333	52,50
7334	39,99
7337	545,00
7338	0,00
7339	375,00
7343	0,00
7348	0,00
7349	0,00
7350	168,00
7351	134,00
7354	111,30
7371	0,04
7379	141,50
7380	5,16
7382	43,99
7394	0,00
7395	0,00
7396	892,00
7402	0,00
7403	0,00
7404	0,00
7406	1,67
7412	45,99
7413	0,00
7415	80,00
7418	0,00
7419	23,50
7420	23,50
7421	0,40
7429	2,37
7433	0,00
7434	5,27
7438	9,00
7440	0,00
7442	2,79
7443	7,99
7444	14,90
7445	2,15
7448	0,00
7449	3,09
7450	0,00
7458	142,35
7464	0,00
7465	0,00
7466	0,00
7517	20,00
7518	64,75
7530	0,00
7531	65,00
7532	65,00
7533	65,00
7535	16,90
7537	9,50
7539	60,00
7556	7,20
7557	0,17
7561	5,68
7572	146,80
7585	4,99
7586	65,00
7587	65,00
7589	0,00
7608	507,97
7609	47,65
7610	32,00
7611	3,89
7616	0,00
7620	2,90
7624	0,00
7630	7,52
7631	12,43
7660	0,00
7664	23,50
7675	4,30
7676	1790,00
7677	49,70
7681	2000,00
7682	4000,00
7690	17,85
7693	246,00
7695	27,90
7696	28,48
7697	28,48
7702	36,00
7703	0,00
7712	4,95
7713	0,00
7716	491,00
7721	29,90
7726	99,88
7730	101,90
7731	49,00
7733	55,90
7734	44,00
7735	22,00
7739	17,47
7743	459,00
7746	130,00
7812	99,90
7813	420,00
7822	1071,69
7826	0,00
7830	3,21
7876	13,49
7881	61,90
7882	49,00
7883	30,00
7885	11,60
7893	0,00
7894	0,00
7895	0,00
7896	375,56
7897	0,00
7899	0,00
7900	0,00
7901	445,00
7902	378,00
7904	0,00
7905	0,00
7907	313,00
7908	0,00
7912	24,75
7913	0,00
7939	2,00
7940	0,00
7941	0,00
7942	0,00
7947	5636,53
7949	60,00
7952	54,60
7957	0,00
7958	0,00
7959	54,60
7960	54,60
7961	54,60
7962	54,60
7963	0,00
7965	35,74
7966	27,55
7967	38,00
7969	25,00
7975	60,00
7976	0,00
7978	0,00
7979	0,00
7983	35,00
7984	36,00
7985	30,00
7989	21,00
7990	680,00
7991	75,01
7993	18,90
7994	23,50
7996	21,00
7997	21,00
7998	0,00
7999	0,00
8000	0,00
8003	525,00
8005	43,00
8006	43,00
8007	43,00
8008	43,00
8009	43,00
8010	40,00
8011	40,00
8012	40,00
8013	40,00
8014	40,00
8015	40,00
8016	44,00
8017	44,00
8018	44,00
8019	54,20
8020	54,20
8021	0,00
8023	0,00
8024	21,00
8025	30,56
8026	44,66
8027	38,86
8030	0,40
8032	0,40
8035	9,10
8036	2,06
8037	0,00
8038	151,30
8039	0,00
8040	0,00
8041	79,90
8042	0,00
8043	0,00
8044	0,00
8045	0,00
8046	0,00
8047	0,00
8048	0,00
8049	0,00
8050	0,00
8051	5,30
8052	3930,00
8053	134,98
8054	15,67
8055	0,00
8056	6000,00
8057	1,07
8058	63,45
8059	0,00
8060	0,00
8061	0,00
8062	1349,00
8063	0,00
8064	0,00
8065	0,00
8066	0,00
8067	0,00
8068	0,00
8069	0,00
8070	0,00
8071	0,00
8072	0,00
8073	0,00
8074	0,00
8075	8990,00
8076	0,00
8077	0,73
8078	0,00
8079	0,00
8080	223,27
8081	0,00
8082	0,00
8083	8837,16
8084	195,50
8085	3690,00
8086	9500,00
8087	39900,00
8088	580,00
8089	1,20
8090	1,99
8091	1,20
8092	4,00
8093	2,20
8094	2,90
8095	6,00
8096	12,50
8097	11,00
8098	23,50
8099	0,00
8100	159,00
8101	13,44
8102	414,00
8103	9,52
8104	81,78
8105	596,40
8106	89,84
8107	121,58
8108	2,00
8109	15,12
8110	21,14
8111	49,26
8112	260,00
8113	25,86
8114	54,20
8115	21,00
8116	0,00
8117	0,00
8118	0,00
8119	0,00
8120	0,00
8121	150,00
8122	0,00
8123	0,00
8124	5,96
8125	12,40
8126	9,45
8127	6,47
8128	12,63
8129	3,25
8130	3,60
8131	1,53
8132	6,90
8133	0,47
8134	0,76
8135	7,36
8136	0,23
8137	0,17
8138	0,27
8139	0,69
8140	0,55
8141	1,09
8142	0,13
8143	374,22
8144	12,52
8145	0,58
8146	17,76
8147	230,00
8148	89,90
8149	21,70
8150	64,90
8151	35,51
8152	50,04
8153	63,45
8154	0,00
8155	0,00
8156	1268,81
8157	230,68
8158	411,72
8159	65,39
8160	340,50
8161	29,00
8162	0,00
8163	328,00
8164	664,42
8165	0,00
8166	0,00
8167	0,00
8168	0,00
8169	38,90
8170	17,58
8171	34,18
8172	39,90
8173	149,00
8174	12,90
8175	24,05
8176	7,50
8177	22,99
8178	0,00
8179	0,00
8180	225,00
8181	225,00
8182	399,00
8183	0,00
8184	0,00
8185	0,00
8186	0,00
8187	0,00
8188	0,00
8189	0,00
8190	219,00
8191	512,00
8192	26,89
8193	259,00
8194	0,00
8195	0,00
8196	0,00
8197	29,90
8198	2478,00
8199	2,00
8200	15,00
8201	5,11
8202	5,11
8203	0,00
8204	3097,50
8205	140,00
8206	0,00
8207	99,00
8208	18,00
8209	0,00
8210	35,00
8211	35,00
8212	0,00
8213	0,00
8214	0,00
8215	0,00
8216	339,00
8217	0,00
8218	7,00
8219	8,00
8220	0,00
8221	0,00
8222	136,26
8223	163,65
8224	375,26
8225	93,00
8226	93,00
8227	93,00
8228	149,00
8229	149,00
8230	149,00
8231	234,00
8232	22,23
8233	22,23
8234	22,23
8235	22,23
8236	22,23
8237	22,23
8238	5,88
8239	5,88
8240	5,88
8241	5,88
8242	5,88
8243	5,88
8244	25,72
8245	25,72
8246	5,88
8247	25,72
8248	25,72
8249	25,72
8250	0,00
8251	0,00
8252	87,06
8253	4,36
8254	0,00
8255	30,55
8256	153,99
8257	299,84
8258	0,00
8259	0,75
8260	17,50
8261	17,50
8262	0,00
8263	8,15
8264	5,36
8265	4,70
8266	17,35
8267	39,61
8268	69,09
8269	51,14
8270	2,86
8271	2,86
8272	13,18
8273	0,58
8274	50,85
8275	10,88
8276	1,04
8277	8,06
8278	7,19
8280	0,00
8281	0,00
8282	6,22
8283	0,00
8284	0,00
8285	0,00
8286	0,00
8287	3,98
8288	0,00
8289	49,90
8290	1,82
8291	6,50
8292	8,48
8293	14,00
8294	72000,00
8295	0,00
8296	40,00
8297	43,00
8298	44,00
8299	46,80
8300	43,00
8301	40,00
8302	43,00
8303	54,20
8304	43,00
8305	43,00
8306	40,00
8307	40,00
8308	40,00
8309	40,00
8310	43,00
8311	43,00
8312	43,00
8313	46,80
8314	46,80
8315	44,00
8316	44,00
8317	44,00
8318	43,00
8319	43,00
8320	40,00
8321	40,00
8322	40,00
8323	20,00
8324	33,00
8325	0,00
8326	0,00
8327	0,00
8328	0,00
8329	0,00
8330	0,00
8331	0,00
8332	0,00
8333	0,00
8334	676,32
8335	153,99
8336	639,70
8337	87,06
8338	237,50
8339	29,32
8340	28,46
8341	319,90
8342	360,00
8343	1006,26
8344	450,00
8345	0,00
8346	39,00
8347	10,00
8348	226,00
8349	1,05
8350	11,50
8351	8,90
8352	0,00
8353	0,00
8354	0,00
8355	0,00
8356	0,00
8357	0,00
8358	128,00
8359	0,00
8360	0,00
8361	0,00
8362	0,00
8363	0,00
8364	0,00
8365	0,00
8366	0,00
8367	0,00
8368	0,00
8369	0,00
8370	0,00
8371	134,90
8372	0,00
8373	134,90
8374	0,00
8375	0,00
8376	140,00
8377	0,00
8378	153,90
8379	0,00
8380	0,00
8381	0,00
8382	0,00
8383	0,00
8384	0,00
8386	0,00
8387	0,00
8388	0,00
8389	0,00
8390	0,00
8391	139,00
8392	0,00
8393	44,00
8394	0,00
8395	0,00
8396	135,00
8397	120,00
8398	11,20
8399	15,40
8400	168,00
8401	320,00
8402	48,00
8403	60,00
8404	60,00
8405	60,00
8406	113,40
8407	27,00
8408	11,49
8409	476,64
8410	299,00
8411	1,34
8412	17,90
8413	23,80
8414	20,00
8415	980,00
8416	0,00
8417	420,00
8418	0,00
8419	0,00
8420	170,00
8421	265,00
8422	175,00
8423	370,30
8424	175,00
8425	138,00
8426	285,00
8427	13,00
8428	138,00
8429	138,00
8430	83,30
8431	85,00
8432	0,00
8433	0,00
8434	0,00
8435	29,35
8436	8,67
8437	29,96
8438	93,48
8439	4,43
8440	2,98
8441	1,92
8442	4,78
8443	64,19
8444	0,86
8445	0,23
8446	0,00
8447	18,00
8448	105,19
8449	10,00
8450	10,00
8451	10,00
8452	10,00
8453	55,00
8454	1,05
8455	0,00
8456	0,00
8457	39,90
8458	45,00
8459	109,00
8460	3,50
8461	47,92
8462	47,91
8463	139,90
8464	5,91
8465	2190,00
8466	249,00
8467	20,12
8468	20,12
8469	28,15
8470	130,73
8471	3,34
8472	114,71
8473	18,63
8474	216,54
8475	48,08
8476	224,90
8477	120,00
8478	0,00
8479	0,00
8480	0,00
8481	4,92
8482	5942,94
8483	1017,40
8484	1304,90
8485	224,65
8486	420,48
8487	12,00
8488	8,60
8489	7,50
8490	27,00
8491	72,00
8492	6,00
8493	5,67
8494	6,34
8495	5,95
8496	2,89
8497	0,25
8498	23,84
8499	25,94
8500	13,61
8501	159,28
8502	25,27
8503	45,55
8504	0,00
8505	200,00
8506	30,00
8507	120,00
8508	200,00
8509	100,00
8510	50,00
8511	126,00
8512	699,00
8513	479,00
8514	123,00
8515	145,00
8516	0,00
8517	0,00
8518	0,00
8519	95975,00
8520	1922,00
8521	21,60
8522	0,00
8523	0,00
8524	20,40
8525	0,00
8526	0,00
8527	8,00
8528	0,00
8529	920,00
8530	0,00
8531	141,15
8532	95,99
8533	234,88
8534	154636,16
8535	95,45
8536	464,95
8537	72,60
8538	23,31
8539	106,90
8540	0,44
8541	420,75
8542	187,26
8543	36,30
8544	67,65
8545	315,85
8546	1326,58
8547	17,16
8548	1,82
8549	0,00
8550	14,25
8551	9,74
8552	0,00
8553	104,60
8554	3,50
8555	3750,89
8557	0,00
8558	0,00
8559	0,00
8560	0,00
8561	0,00
8562	266,23
8563	1625,00
8564	0,00
8565	0,00
8566	0,00
8567	85,80
8568	89,30
8569	89,30
8570	87,55
8571	360,67
8572	0,00
8573	0,00
8574	128,00
8575	0,00
8576	230,00
8577	0,00
8578	7,95
8579	0,00
8580	0,00
8581	11,00
8582	28,00
8583	11,00
8584	0,00
8585	0,00
8586	2360,00
8587	0,00
8588	48,99
8589	0,00
8590	3890,00
8591	15,00
8592	79,90
8593	5,99
8594	0,00
8595	11,99
8596	8,90
8597	0,90
8598	2,95
8599	0,00
8600	4,90
8601	22,90
8602	0,00
8603	0,00
8604	31,80
8605	381,25
8606	9,61
8607	0,00
8608	0,00
8609	68,99
8610	0,00
8611	3,60
8612	2,55
8613	51,00
8614	3,50
8615	8,50
8616	12,99
8617	18,90
8618	61,00
8619	0,00
8620	44,99
8621	509,00
8622	0,00
8623	0,00
8624	8,25
8625	80,57
8626	7,30
8627	7,90
8628	23,35
8629	18,00
8630	11,00
8631	28,72
8632	98,50
8633	245,00
8634	0,00
8635	0,00
8636	0,00
8637	5,99
8638	15,99
8639	3,79
8640	14,99
8641	18,99
8642	6,42
8643	345,82
8644	290,22
8645	106,90
8646	754,25
8647	7,50
8648	7,80
8649	83,44
8650	0,00
8651	0,65
8652	0,30
8653	6,21
8654	13,50
8655	0,95
8656	21,90
8657	17,90
8658	125,00
8659	151,15
8660	0,00
8661	7,90
8662	4,80
8663	0,00
8664	8,99
8665	14,75
8666	52,00
8667	52,00
8668	6,49
8669	1,00
8670	0,00
8671	0,00
8672	0,00
8674	136,50
8675	0,00
8676	370,00
8677	253,80
8678	0,00
8679	0,00
8680	0,00
8681	48,00
8682	0,00
8683	0,00
8684	89,00
8685	45,00
8686	807,05
8687	0,00
8688	0,00
8689	0,00
8690	7,50
8691	4,25
8692	2,80
8693	21,50
8694	0,00
8695	0,00
8696	0,00
8697	150,00
8698	7,20
8699	71,20
8700	48,00
8701	0,00
8702	54,90
8703	48,50
8704	59,00
8705	4,20
8706	13,49
8707	4,50
8708	4,19
8709	0,00
8710	24,99
8711	5,99
8712	1,99
8713	44000,00
8714	0,00
8715	0,00
8716	0,00
8717	0,00
8718	0,00
8719	43,00
8720	57,00
8721	69,00
8722	0,00
8723	0,00
8724	66,00
8725	70,50
8726	0,00
8727	0,00
8728	0,00
8729	29,90
8730	153,90
8731	134,90
8732	0,00
8733	134,90
8734	3,93
8735	0,00
8736	5,83
8737	2,80
8738	10,50
8739	7,90
8740	11,20
8741	2,80
8742	4,90
8743	10,10
8744	3,50
8745	4,90
8746	2,20
8747	0,00
8748	22,90
8749	38,80
8750	0,00
8751	0,00
8752	70,73
8753	2500,00
8754	1000,00
8755	5,34
8756	134,75
8757	515,00
8758	25,00
8759	729,00
8760	43,00
8761	8,00
8762	2,50
8763	148,00
8764	138,00
8765	0,00
8766	0,00
8767	0,00
8768	0,00
8769	0,00
8770	0,00
8771	0,00
8772	0,00
8773	0,00
8774	0,00
8775	0,00
8776	0,00
8777	350,00
8778	0,00
8779	39,90
8780	50,00
8781	35,00
8782	955,07
8783	150,00
8784	17,78
8785	0,00
8786	5,60
8787	0,00
8788	750,00
8789	3,90
8790	50,00
8791	50,00
8792	135,00
8793	20,00
8794	45,00
8795	37,00
8796	35,90
8797	70,00
8798	95,00
8799	3,08
8800	23,23
8801	54,75
8802	0,00
8803	0,00
8804	0,00
8805	0,00
8806	0,00
8807	0,00
8808	0,00
8809	0,00
8810	0,00
8811	0,00
8812	0,00
8813	209,36
8814	276,00
8815	42,00
8816	0,00
8817	0,00
8818	0,00
8819	36,70
8820	6,88
8821	23,50
8822	7,99
8823	16,50
8824	58,90
8825	4,90
8826	31,50
8827	15,99
8828	19,99
8829	45,99
8830	18,52
8831	0,49
8832	270,00
8833	50,95
8834	5,95
8835	138,00
8836	9,90
8837	0,00
8838	0,00
8839	1290,00
8840	350,00
8841	0,00
8842	0,00
8843	0,00
8844	150,00
8845	180,00
8846	39,64
8847	0,29
8848	1,18
8849	114,39
8850	4,14
8851	6,89
8852	0,37
8853	0,66
8854	0,73
8855	0,76
8856	129,28
8857	56,32
8858	32,13
8859	27,76
8860	6,34
8861	82,07
8862	392,70
8863	0,00
8864	399,90
8865	29,90
8866	2,05
8867	3,50
8868	25,00
8869	0,00
8870	0,00
8871	535,00
8872	1490,00
8873	10,00
8874	3,85
8875	190,00
8876	90,00
8877	105,00
8878	38,00
8879	0,00
8880	0,00
8881	0,00
8882	0,00
8883	10,00
8884	3,45
8885	189,40
8886	328,50
8887	88,60
8888	11,15
8889	11,15
8890	11,15
8891	470,00
8892	0,00
8893	38,00
8894	1,69
8895	0,00
8896	2000,00
8897	215,00
8898	215,00
8899	215,00
8900	215,00
8901	0,00
8902	2100,00
8903	155,17
8904	8,50
8905	23,85
8906	35,85
8907	17,16
8908	1159,00
8909	235,00
8910	6,50
8911	3,13
8912	6,22
8913	0,00
8914	0,00
8915	0,00
8916	432,69
8917	149,90
8918	3,00
8919	10,00
8920	205,00
8921	165,90
8922	41,90
8923	41,90
8924	41,90
8925	41,90
8926	41,90
8927	41,90
8928	41,90
8929	43,00
8930	134,00
8931	0,00
8932	170,00
8933	1962,80
8934	179,10
8935	0,00
8936	0,00
8937	0,00
8938	0,00
8939	0,00
8940	0,00
8941	0,00
8942	0,00
8943	19,36
8944	6,20
8945	148,00
8946	0,00
8947	85,80
8948	85,80
8949	85,80
8950	85,80
8951	85,80
8952	0,00
8953	0,00
8954	0,00
8955	197,30
8956	2,50
8957	0,00
8958	0,00
8959	0,00
8960	7,00
8961	22,90
8962	47,90
8963	22,90
8964	47,90
8965	22,90
8966	5,20
8967	5,20
8968	363,01
8969	94,60
8970	229,90
8971	15,39
8972	0,00
8973	10,99
8974	10,99
8975	11,01
8976	15,39
8977	15,39
8978	15,40
8979	5,51
8980	3,14
8981	0,99
8982	1,82
8983	6,94
8984	0,00
8985	5,99
8986	8,80
8987	28,50
8988	0,00
8989	6,59
8990	75,54
8991	60,00
8992	0,00
8993	840,00
8994	530,00
8995	220,00
8996	55,00
8997	1,80
8998	85,00
8999	0,00
9000	9,61
9001	18,11
9002	90,50
9003	145,24
9004	59,13
9005	67,83
9006	226,09
9007	1538,47
9008	886,58
9009	18,10
9010	90,48
9011	69,43
9012	18,11
9013	85,38
9014	1967,03
9015	313,45
9016	117,64
9017	0,00
9018	15,42
9019	61,49
9020	11,01
9021	10,80
9022	75,00
9023	0,00
9024	0,00
9025	0,00
9026	0,00
9027	0,00
9028	52,28
9029	799,00
9030	420,00
9031	729,90
9032	1,58
9033	11,90
9034	7,50
9035	0,00
9036	0,00
9037	0,00
9038	5,99
9039	0,00
9040	9,99
9041	5,99
9042	23,50
9043	0,00
9044	0,00
9045	687,00
9046	1180,00
9047	19,99
9048	4029,27
9049	39900,00
9050	0,00
9051	0,00
9052	0,00
9053	0,00
9054	0,00
9055	5,90
9056	0,00
9057	10,00
9058	0,00
9059	0,00
9060	23,10
9061	0,00
9062	27,30
9063	27,30
9064	44,00
9065	44,00
9066	44,00
9067	0,00
9068	0,00
9069	54,62
9070	0,00
9071	0,00
9072	0,00
9073	0,00
9074	16,99
9075	0,00
9076	0,00
9077	12,80
9078	0,00
9079	0,00
9080	0,00
9081	0,00
9082	0,00
9083	34,10
9084	0,00
9085	0,00
9086	0,00
9087	0,00
9088	0,00
9089	0,00
9090	0,00
9091	0,00
9092	0,00
9093	0,00
9094	0,00
9095	2,70
9096	0,00
9097	2630,00
9098	480,00
9099	4,67
9100	2,96
9101	2,96
9102	2,96
9103	9,03
9104	133,49
9105	283,50
9106	8,39
9107	7,99
9108	58,90
9109	5,00
9110	403,07
9111	3,98
9113	0,00
9114	129,28
9115	67,20
9116	39,20
9117	442,10
9118	503,20
9119	30,80
9120	28,00
9121	56,00
9122	28,50
9123	30,80
9124	78,40
9125	42,80
9126	81,90
9127	286,00
9128	240,00
9129	132,80
9130	30,80
9131	235,20
9132	7,50
9133	41,60
9134	62,40
9135	104,00
9136	31,20
9137	78,62
9138	40,00
9139	0,00
9140	0,00
9141	0,00
9142	0,00
9143	139,90
9144	0,00
9145	0,00
9146	0,00
9147	420,00
9148	2900,00
9149	8,00
9150	54,62
9151	54,62
9152	54,50
9153	29,90
9154	29,90
9155	29,90
9156	27,30
9157	73,00
9158	0,00
9159	0,00
9160	0,00
9161	0,00
9162	0,00
9163	0,00
9164	0,00
9165	0,00
9166	0,00
9167	0,00
9168	0,00
9169	0,00
9170	0,00
9171	0,00
9172	0,00
9173	0,00
9174	0,00
9175	0,00
9176	0,00
9177	0,00
9178	0,00
9179	0,00
9180	0,00
9181	0,00
9182	0,00
9183	0,00
9184	760,00
9185	0,00
9186	255,93
9187	3,60
9188	3,60
9189	3,60
9190	3,80
9191	1065,02
9192	70,00
9193	23,99
9194	4,99
9195	10,99
9196	129,99
9197	12,99
9198	5,99
9199	6,60
9200	6,90
9201	6,60
9202	6,60
9203	37,50
9204	125,00
9205	12,50
9206	2,00
9207	190,00
9208	470,00
9209	0,00
9210	0,00
9211	0,00
9212	0,00
9213	15,00
9214	27,76
9215	27,76
9216	27,76
9217	756,00
9218	0,00
9219	270,35
9220	188,80
9221	3951,43
9222	48,00
9223	0,00
9224	341,38
9225	188,63
9226	0,00
9227	15,22
9228	0,00
9229	25,00
9230	45,00
9231	0,15
9232	1065,00
9233	9,00
9234	9,00
9235	0,00
9236	0,00
9237	0,00
9238	0,00
9239	0,00
9240	0,00
9241	0,00
9242	0,00
9243	0,00
9244	0,00
9245	0,00
9246	0,00
9247	536,15
9248	1120,00
9249	2730,00
9250	6,50
9251	54,50
9252	54,50
9253	0,00
9254	0,00
9255	54,50
9256	12,00
9257	0,00
9258	0,00
9259	0,00
9260	0,00
9261	0,00
9262	0,00
9263	0,00
9264	0,00
9265	0,00
9266	0,00
9267	0,00
9268	0,00
9269	0,00
9270	0,00
9271	0,00
9272	0,00
9273	0,00
9274	0,00
9275	66,00
9276	0,00
9277	30,00
9278	0,00
9279	0,00
9280	0,00
9281	0,00
9282	0,00
9283	0,00
9284	0,00
9285	0,00
9286	0,00
9287	0,00
9288	0,00
9289	0,00
9290	0,00
9291	0,00
9292	0,00
9293	0,00
9294	0,00
9295	0,00
9296	0,00
9297	0,00
9298	0,00
9299	101,00
9300	0,00
9301	0,00
9302	0,00
9303	0,00
9304	12,00
9305	0,00
9306	13,40
9307	0,00
9308	258,50
9309	116,50
9310	27,10
9311	47,10
9312	83,70
9313	0,00
9314	0,00
9315	0,00
9316	65,60
9317	49870,00
9318	0,00
9319	0,00
9320	3,38
9321	0,00
9322	0,00
9323	320,00
9324	1,20
9325	35,00
9326	36,00
9327	1200,00
9328	49,70
9329	29,56
9330	1306,40
9331	113,60
9332	0,00
9333	0,00
9334	0,00
9335	0,00
9336	0,00
9337	0,00
9338	0,00
9339	0,00
9340	0,00
9341	0,00
9342	0,00
9343	0,00
9344	0,00
9345	0,00
9346	0,00
9347	0,00
9348	49,90
9349	49,90
9350	49,90
9351	49,90
9352	49,90
9353	0,00
9354	0,00
9355	0,00
9356	36,99
9357	0,00
9358	0,00
9359	0,00
9360	0,00
9361	0,00
9362	0,00
9363	0,00
9364	0,00
9365	0,00
9366	0,00
9367	0,00
9368	0,00
9369	0,00
9370	0,00
9371	0,00
9372	0,00
9373	0,00
9374	0,00
9375	0,00
9376	0,00
9377	0,00
9378	0,00
9379	0,00
9380	0,00
9381	0,00
9382	0,00
9383	0,00
9384	0,00
9385	0,00
9386	0,00
9387	0,00
9388	0,00
9389	0,00
9390	0,00
9391	0,00
9392	0,00
9393	0,00
9394	0,00
9395	0,00
9396	0,00
9397	400,00
9398	28,10
9399	0,00
9400	0,00
9401	0,00
9402	0,00
9403	0,00
9404	0,00
9405	11,60
9406	54,50
9407	0,00
9408	0,00
9409	0,00
9410	0,00
9411	0,00
9412	0,00
9413	0,00
9414	0,00
9415	0,00
9416	0,00
9417	0,00
9418	0,00
9419	0,00
9420	0,00
9421	0,00
9422	0,00
9423	0,00
9424	0,00
9425	0,00
9426	0,00
9427	0,00
9428	24,90
9429	45,00
9430	0,00
9431	0,00
9432	0,00
9434	0,00
9435	0,00
9436	0,00
9437	0,00
9438	0,00
9439	0,00
9440	0,00
9441	0,00
9442	0,00
9443	0,00
9444	0,00
